1147098
1147097
1147096
1147095
1147018
1147016
1147015
1147014
1147013
1147012
1147010
1147009
1147008
1147006
1147005
1147003
1147001
1147000
1146999
1146998
1146997
1146996
1146995
1146994
1146993
1146992
1146991
1146990
1146989
1146988
1146986
1146984
1146982
1146981
1146980
1146979
1146978
1146977
1146976
1146975
1146934
1146933
1146931
1146930
1146929
1146928
1146927
1146926
1146925
1146924
1146922
1146921
1146920
1146919
1146918
1146917
1146916
1146914
1146913
1146912
1146911
1146910
1146909
1146908
1146907
1146905
1146843
1146840
1146839
1146837
1146769
1146766
1146765
1146677
1146663
1146657
1146656
1146655
1146654
1146652
1146577
1146572
1146569
1146568
1146567
1146566
1146565
1146564
1146563
1146562
1146561
1146560
1146559
1146555
1146553
1146552
1146550
1146549
1146456
1146454
1146450
1146449
1146448
1146447
1146443
1146440
1146439
1146434
1146433
1146432
1146428
1146426
1146424
1146423
1146421
1146419
1146414
1146412
1146410
1146409
1146406
1146404
1146403
1146401
1146400
1146399
1146397
1146387
1146386
1146384
1146382
1146375
1146374
1146373
1146368
1146367
1146363
1146362
1146361
1146316
1146314
1146313
1146311
1146310
1146308
1146305
1146304
1146303
1146302
1146301
1146300
1146299
1146298
1146296
1146294
1146290
1146289
1146284
1146283
1146280
1146275
1146273
1146266
1146264
1146261
1146255
1146254
1146253
1146251
1146243
1146241
1146240
1146238
1146237
1146236
1146235
1146234
1146232
1146231
1146225
1146224
1146223
1146221
1146220
1146217
1146216
1146214
1146213
1146211
1146209
1146207
1146206
1146205
1146204
1146202
1146127
1146126
1146125
1146124
1146123
1146122
1146120
1146118
1146117
1146116
1146115
1146113
1146111
1146110
1146108
1146106
1146103
1146102
1146101
1146099
1146098
1146096
1146095
1146092
1146090
1146088
1146086
1146085
1146084
1146083
1146082
1146080
1146079
1146077
1146076
1146075
1146073
1146072
1146071
1146069
1146068
1146066
1146064
1146060
1146059
1146058
1146056
1146055
1146053
1146052
1146051
1146050
1146047
1146046
1146044
1146043
1146042
1146041
1146038
1146037
1146036
1146035
1146034
1146033
1146032
1146031
1146029
1146027
1146026
1146023
1146021
1146020
1146018
1146017
1146015
1146013
1146009
1146007
1146005
1146002
1146000
1145997
1145995
1145994
1145993
1145989
1145987
1145986
1145985
1145984
1145983
1145981
1145979
1145978
1145977
1145976
1145974
1145942
1145941
1145940
1145939
1145935
1145932
1145929
1145928
1145924
1145922
1145921
1145919
1145917
1145916
1145914
1145913
1145911
1145907
1145906
1145905
1145904
1145902
1145899
1145897
1145894
1145893
1145890
1145888
1145886
1145883
1145874
1145871
1145868
1145867
1145864
1145861
1145859
1145857
1145855
1145853
1145851
1145848
1145846
1145845
1145843
1145842
1145840
1145838
1145834
1145832
1145830
1145828
1145827
1145825
1145822
1145818
1145815
1145811
1145810
1145806
1145804
1145801
1145799
1145796
1145794
1145790
1145785
1145781
1145779
1145776
1145772
1145770
1145767
1145764
1145762
1145759
1145755
1145749
1145746
1145743
1145738
1145734
1145732
1145729
1145727
1145725
1145722
1145720
1145716
1145710
1145707
1145704
1145700
1145696
1145694
1145692
1145687
1145685
1145683
1145680
1145677
1145674
1145672
1145671
1145670
1145667
1145665
1145664
1145663
1145662
1145660
1145659
1145658
1145657
1145656
1145655
1145654
1145653
1145652
1145651
1145650
1145649
1145648
1145647
1145646
1145645
1145644
1145643
1145642
1145641
1145640
1145639
1145638
